x <- 3
y <- 4
z <- 5

x+y+z

a <- c(1,2,3,4,5)